5.014792746896555542e+01 3.209944639801769022e-03 1.890247392442501954e-03 4.125240411608749325e-03 4.035066445719590056e-03 1.925544331884162250e-03 3.556357421397061784e-03
5.679723483067436973e+01 4.074497922854993653e-03 1.699906279601054492e-03 2.955802841853278490e-03 9.892847827041692695e-04 1.741785636047778500e-03 2.159577563024548189e-03
6.345018165038089819e+01 1.294026170127003834e-03 1.567125151303899473e-03 2.195425258572981583e-03 1.280529012108906628e-03 1.564397417804328817e-03 1.257855173427166288e-03
7.010573466843243295e+01 8.448414119791164412e-04 1.436499641743293207e-03 1.673220399605130889e-03 -1.420717134811899705e-04 1.441758891204859708e-03 6.284984205151299998e-04
7.676322399560385179e+01 3.123803729090627798e-03 1.357027637316110709e-03 1.292179524073360734e-03 3.261574355904677089e-04 1.320454254297298699e-03 2.199405153114517789e-04
8.342217199201050448e+01 2.017795859580411965e-04 1.264471818732195623e-03 1.073613933668134080e-03 1.244243668949711725e-03 1.252933858031805023e-03 3.659604164561473718e-04
9.008226139899744567e+01 1.007516411323469826e-03 1.175686893685006862e-03 1.239091435448152687e-03 1.433958180969008159e-03 1.200098132332073821e-03 1.298699413361168809e-03
9.674326447742274127e+01 1.218128712808890001e-03 1.097650136903803543e-03 1.790331223935887235e-03 2.702770530972385590e-03 1.118322080277549518e-03 1.712761275969384208e-03
1.034049902194904007e+02 2.288760903220187371e-03 1.043241868861266011e-03 2.066624380796588684e-03 1.329035925360254680e-03 1.087264771686621183e-03 9.859551941676307062e-04
1.100673139513483818e+02 2.285887643662208937e-03 9.890200812806488381e-04 1.729397518092583731e-03 4.411028887271846379e-04 1.031248707291498607e-03 9.118226904092081690e-05
1.167301412788391133e+02 7.848250439383892309e-04 9.370072325103796654e-04 1.156589369271357384e-03 4.208994603199427229e-04 9.820562199043074685e-04 -4.574997966814614071e-04
1.233933759291648187e+02 4.904494630219682124e-04 9.119668202936032824e-04 7.074145996223459845e-04 -1.816374088203220600e-04 9.437729564441983124e-04 -7.196942277740445235e-04
1.300569620633229988e+02 5.553178912487693482e-05 8.622238710393713423e-04 4.474639233958992352e-04 -6.862539563325684242e-05 9.075099713373802404e-04 -8.316500788610936210e-04
1.367208562856881997e+02 -2.312209662931863613e-04 8.488438754282069806e-04 3.162064491228650659e-04 -7.573268325235782937e-04 9.128185652818506532e-04 -8.773762185479052744e-04
1.433849927651410496e+02 7.779059017764843910e-04 8.334320759772773654e-04 2.530654041123038588e-04 -7.459580176013195065e-04 8.717363220623135754e-04 -8.967566043562931639e-04
1.500493690804816538e+02 -2.028484405641549208e-04 8.046364417052128369e-04 2.218133575498398456e-04 -1.066967758240340135e-03 8.707348925590769565e-04 -9.077022397991382600e-04
1.567139406809006914e+02 2.288887879138941850e-04 7.896349755822084380e-04 2.044016015167731282e-04 -1.605942370345069458e-03 8.582637453553207093e-04 -9.178105751799707328e-04
1.633786676725436564e+02 3.810272488132415854e-04 7.660606402133760678e-04 1.911762328083743993e-04 -8.035312645018743028e-04 8.413604889104862958e-04 -9.293361200763241084e-04
1.700435618940294091e+02 5.117024130378683942e-04 7.451550739073764789e-04 1.786052555875385214e-04 -1.582639493936360831e-03 8.358000844886599246e-04 -9.431715388813084180e-04
1.767085902378985622e+02 2.580419404718265874e-04 7.320442028429137438e-04 1.655276900033796311e-04 -1.181612684978629009e-03 8.303433489270607357e-04 -9.589890951230463107e-04
1.833737220829662817e+02 9.078181880366655715e-04 7.132775312478777281e-04 1.514204963500627324e-04 -1.491035533534979148e-03 7.986284243673790308e-04 -9.786199657941740352e-04
1.900389768486874971e+02 5.585686031199127996e-04 7.004861049579776946e-04 1.356650822109288024e-04 -6.817859805597389477e-04 7.881418020801466730e-04 -1.002948117614134178e-03
1.967043276695717395e+02 1.453506537172519165e-04 6.822326863894762452e-04 1.178017529743452345e-04 -1.228438104723056715e-03 8.076886864551512763e-04 -1.031113611369412946e-03
