5.014792746896555542e+01 6.529009777350872588e-03 2.355254648951604895e-03 7.446650102005693793e-03 3.973909718737922772e-03 2.370057915490800856e-03 5.640577271713249907e-03
5.679723483067436973e+01 4.956838079030927505e-03 2.127136400755661252e-03 4.729509611941368034e-03 3.106286488743806914e-03 2.085640357150012406e-03 3.128779448710212151e-03
6.345018165038089819e+01 3.611237420124386449e-03 1.928576169236980537e-03 3.036574324896361768e-03 2.998919670257265118e-03 1.915576457761270076e-03 1.623073218908778741e-03
7.010573466843243295e+01 2.472224018839854886e-03 1.817319314649732667e-03 1.927222907074154857e-03 1.405350078140826364e-03 1.744354545061900389e-03 7.040263246838730608e-04
7.676322399560385179e+01 3.889944197769591282e-03 1.622749128180302246e-03 1.189180039857545184e-03 1.633278347302042103e-03 1.616592648544130321e-03 1.252382068169244356e-04
8.342217199201050448e+01 1.854694523312671456e-03 1.548402268870163051e-03 9.838784078488841019e-04 9.077830459987025740e-04 1.519041190535431888e-03 -2.230871714568234167e-04
9.008226139899744567e+01 1.400904528547519245e-03 1.418650088364174300e-03 1.763165903114983319e-03 1.041019950975146952e-03 1.424043768853413498e-03 -2.112059298155376155e-04
9.674326447742274127e+01 2.687504763564327499e-03 1.346742386944576372e-03 2.818785083115105811e-03 1.390805942809199367e-03 1.351428497953987293e-03 4.848868809342384446e-04
1.034049902194904007e+02 3.434365555471348159e-03 1.286822389373553331e-03 2.689874425725814928e-03 1.993362327568170764e-03 1.282810261663066978e-03 1.403481682363426873e-03
1.100673139513483818e+02 3.480288814620459957e-04 1.228950240375063742e-03 1.657794453736828469e-03 1.332292108716174629e-03 1.271122549758195094e-03 1.478795030563913575e-03
1.167301412788391133e+02 1.646794825728714606e-03 1.175669806764805632e-03 7.306998711295610831e-04 2.079214192008733801e-03 1.207762553856146304e-03 8.539646996240802656e-04
1.233933759291648187e+02 -1.234199326330321766e-03 1.120548791067201401e-03 2.162228125532014993e-04 -7.699129012957470035e-04 1.137037429641636101e-03 2.592989212359244960e-04
1.300569620633229988e+02 -1.072395373816594508e-03 1.107854550601245066e-03 5.093910024605435849e-07 -2.799035720553127646e-03 1.119467892806801437e-03 -5.702449595173212396e-05
1.367208562856881997e+02 -7.583972463852710821e-04 1.061914435485320288e-03 -5.971617055686639572e-05 -1.211198401371903948e-03 1.085910742803233679e-03 -1.579790124289894644e-04
1.433849927651410496e+02 -6.918700325470234815e-04 1.036954379499323330e-03 -5.022161189314935503e-05 -2.428768636274190006e-03 1.039788608404926739e-03 -1.410852146637846271e-04
1.500493690804816538e+02 7.330370459752638744e-05 1.010133351027909946e-03 -1.343738511607990918e-05 -1.187212639238844573e-03 1.037231642176475845e-03 -7.025948804966478849e-05
1.567139406809006914e+02 -1.036127366079011040e-03 9.870218941260410373e-04 3.089479555544075813e-05 -1.022221599499906989e-03 1.009352036615099877e-03 2.212778287862389405e-05
1.633786676725436564e+02 9.723541643207273075e-04 9.213019130809686026e-04 7.437102147135214508e-05 -9.006921186768964641e-04 9.786682795182941735e-04 1.194580616549777478e-04
1.700435618940294091e+02 4.441270584123227201e-04 9.001325950660598978e-04 1.139666097819187112e-04 4.351725507002653375e-04 9.706923364977642190e-04 2.148407244643475039e-04
1.767085902378985622e+02 4.297694041947717125e-04 8.914524425852746788e-04 1.486817450201292023e-04 -1.105027390179001701e-03 9.438265859393188059e-04 3.046055566352002825e-04
1.833737220829662817e+02 9.748004998039541420e-04 8.610288683583920384e-04 1.781938015609879872e-04 -2.392376239556999332e-04 9.383681037850295868e-04 3.885721351582885927e-04
1.900389768486874971e+02 3.965425534082985155e-04 8.475460295505303368e-04 2.012372012920043301e-04 7.339806196189719786e-04 9.262669509454533748e-04 4.662169798307002288e-04
1.967043276695717395e+02 5.006363007459978167e-04 8.421620337977835059e-04 2.169798957241438476e-04 1.408584029403382124e-03 9.125728840788815575e-04 5.381450803530322437e-04
