5.014792746896555542e+01 6.238646653840821364e-03 2.151795225919016317e-03 5.582981602229955889e-03 7.669090550124234079e-04 2.139233379007995928e-03 3.956127533784759703e-04
5.679723483067436973e+01 5.059476937990856245e-03 1.923799180383076006e-03 3.979017923677641809e-03 5.811725926287224881e-04 1.950674473565490105e-03 6.567477618902636122e-04
6.345018165038089819e+01 1.615472938657736132e-03 1.794172751043974969e-03 2.910955878622479686e-03 -1.245884900870105347e-03 1.804054937835871276e-03 6.949718333802250292e-04
7.010573466843243295e+01 1.596445123013483236e-03 1.622831147964920407e-03 2.164223918393670849e-03 1.328764573882631811e-03 1.661411327165426702e-03 5.964302024094674491e-04
7.676322399560385179e+01 3.628084768792992978e-03 1.544951808784942584e-03 1.612009853566033794e-03 1.033565253252585314e-03 1.560895082152309989e-03 4.206781666452859628e-04
8.342217199201050448e+01 2.011896409320034461e-03 1.430754500174496882e-03 1.235697257625802212e-03 1.087442477540193899e-03 1.501362615888983919e-03 3.661711170027617422e-04
9.008226139899744567e+01 9.573461766265340691e-05 1.350681909677103670e-03 1.227327601883839922e-03 1.506756926774515792e-03 1.395518751596951015e-03 8.513558580734426322e-04
9.674326447742274127e+01 2.091865134878953970e-03 1.286770795431039843e-03 1.695672864192450521e-03 1.511969411459315347e-03 1.350795683539441098e-03 1.515528310144876288e-03
1.034049902194904007e+02 1.642577866153063434e-03 1.225737237533734182e-03 1.970695768669483705e-03 1.393887520178840227e-03 1.296325229865473525e-03 1.281335214532337190e-03
1.100673139513483818e+02 2.027487582665838013e-03 1.177640401073269628e-03 1.573242961287438409e-03 3.726022176242144743e-04 1.283684436459817287e-03 4.203341796201374124e-04
1.167301412788391133e+02 4.569864421024101195e-04 1.150747421024227992e-03 9.372280521813522490e-04 -9.180345787133286414e-04 1.216982378225653621e-03 -3.347537577301369074e-04
1.233933759291648187e+02 6.953126607324476094e-04 1.087263731237670663e-03 4.595060767823002323e-04 -1.457333308154936139e-03 1.214871552060723921e-03 -8.189596881860182259e-04
1.300569620633229988e+02 8.393817900521949359e-04 1.038615748294022777e-03 1.825518479665430463e-04 -6.556051907244301409e-04 1.181660815561511729e-03 -1.122482711774328663e-03
1.367208562856881997e+02 7.091209132645317484e-04 1.018710219583202677e-03 3.373609003145603530e-05 -3.293845516413226307e-04 1.164386102905140032e-03 -1.333936568691664265e-03
1.433849927651410496e+02 1.169919648427855414e-03 1.002897756988671606e-03 -4.840215793730062287e-05 -8.435242984779794300e-04 1.150505411659858996e-03 -1.503119997314500758e-03
1.500493690804816538e+02 5.571155316763423920e-05 9.849625196384950276e-04 -9.841558433479802217e-05 -1.404813029605874591e-03 1.141395811561087773e-03 -1.653071542265190531e-03
1.567139406809006914e+02 9.395130509238575805e-04 9.517569105156290388e-04 -1.339505082565682647e-04 -4.878843686464710491e-04 1.132868027703598296e-03 -1.794081800539587199e-03
1.633786676725436564e+02 -7.308771034467900904e-04 9.409384262167288984e-04 -1.630094300071741661e-04 -1.223086773260786313e-03 1.161857061115495341e-03 -1.930760203578338764e-03
1.700435618940294091e+02 -1.057656153288877385e-03 9.317449239298584854e-04 -1.896739105123815402e-04 -2.533566392769449893e-03 1.149241147655338108e-03 -2.063981184956184805e-03
1.767085902378985622e+02 -1.297119279988787153e-03 9.419340159192733436e-04 -2.152176433464954037e-04 -2.897989396492889856e-03 1.131277361661042671e-03 -2.194435433037709212e-03
1.833737220829662817e+02 -5.566404518486838589e-04 9.134860291539519594e-04 -2.404308243792820695e-04 -1.786137277684431580e-03 1.141144719327705876e-03 -2.321674036753889562e-03
1.900389768486874971e+02 -4.779030397930416593e-05 9.014965493119792613e-04 -2.653888089936210361e-04 -3.950613348630564910e-03 1.151326743387954751e-03 -2.447263369284923256e-03
1.967043276695717395e+02 3.315269163352276504e-04 8.987662633380793771e-04 -2.911085866211975733e-04 -1.773190616220503670e-03 1.127323665410694814e-03 -2.572109282406972314e-03
